2727272,
2727276,
2727292,
2727294,
2727604,
2727606,
2727616,
2727618,
2727672,
2727676,
2729272,
2729276,
2729292,
2729294,
2729404,
2729406,
2729434,
2729438,
2729492,
2729494,
2760404,
2760406,
2760434,
2760438,
2760492,
2760494,
2760604,
2760606,
2760616,
2760618,
2760672,
2760676,
2761604,
2761606,
2761616,
2761618,
2761672,
2761676,
2761816,
2761818,
2761834,
2761838,
2767272,
2767276,
2767292,
2767294,
2767604,
2767606,
2767616,
2767618,
2767672,
2767676,
2927272,
2927276,
2927292,
2927294,
2927604,
2927606,
2927616,
2927618,
2927672,
2927676,
2929272,
2929276,
2929292,
2929294,
2929404,
2929406,
2929434,
2929438,
2929492,
2929494,
2940404,
2940406,
2940434,
2940438,
2940492,
2940494,
2940604,
2940606,
2940616,
2940618,
2940672,
2940676,
2943404,
2943406,
2943434,
2943438,
2943492,
2943494,
2943816,
2943818,
2943834,
2943838,
2949272,
2949276,
2949292,
2949294,
2949404,
2949406,
2949434,
2949438,
2949492,
2949494,
3404040,
3404043,
3404049,
3404060,
3404061,
3404067,
3404340,
3404343,
3404349,
3404381,
3404383,
3404927,
3404929,
3404940,
3404943,
3404949,
3406040,
3406043,
3406049,
3406060,
3406061,
3406067,
3406160,
3406161,
3406167,
3406181,
3406183,
3406727,
3406729,
3406760,
3406761,
3406767,
3434040,
3434043,
3434049,
3434060,
3434061,
3434067,
3434340,
3434343,
3434349,
3434381,
3434383,
3434927,
3434929,
3434940,
3434943,
3434949,
3438160,
3438161,
3438167,
3438181,
3438183,
3438340,
3438343,
3438349,
3438381,
3438383,
3492727,
3492729,
3492760,
3492761,
3492767,
3492927,
3492929,
3492940,
3492943,
3492949,
3494040,
3494043,
3494049,
3494060,
3494061,
3494067,
3494340,
3494343,
3494349,
3494381,
3494383,
3494927,
3494929,
3494940,
3494943,
3494949,
3816040,
3816043,
3816049,
3816060,
3816061,
3816067,
3816160,
3816161,
3816167,
3816181,
3816183,
3816727,
3816729,
3816760,
3816761,
3816767,
3818160,
3818161,
3818167,
3818181,
3818183,
3818340,
3818343,
3818349,
3818381,
3818383,
3834040,
3834043,
3834049,
3834060,
3834061,
3834067,
3834340,
3834343,
3834349,
3834381,
3834383,
3834927,
3834929,
3834940,
3834943,
3834949,
3838160,
3838161,
3838167,
3838181,
3838183,
3838340,
3838343,
3838349,
3838381,
3838383,
4040404,
4040406,
4040434,
4040438,
4040492,
4040494,
4040604,
4040606,
4040616,
4040618,
4040672,
4040676,
4043404,
4043406,
4043434,
4043438,
4043492,
4043494,
4043816,
4043818,
4043834,
4043838,
4049272,
4049276,
4049292,
4049294,
4049404,
4049406,
4049434,
4049438,
4049492,
4049494,
4060404,
4060406,
4060434,
4060438,
4060492,
4060494,
4060604,
4060606,
4060616,
4060618,
4060672,
4060676,
4061604,
4061606,
4061616,
4061618,
4061672,
4061676,
4061816,
4061818,
4061834,
4061838,
4067272,
4067276,
4067292,
4067294,
4067604,
4067606,
4067616,
4067618,
4067672,
4067676,
4340404,
4340406,
4340434,
4340438,
4340492,
4340494,
4340604,
4340606,
4340616,
4340618,
4340672,
4340676,
4343404,
4343406,
4343434,
4343438,
4343492,
4343494,
4343816,
4343818,
4343834,
4343838,
4349272,
4349276,
4349292,
4349294,
4349404,
4349406,
4349434,
4349438,
4349492,
4349494,
4381604,
4381606,
4381616,
4381618,
4381672,
4381676,
4381816,
4381818,
4381834,
4381838,
4383404,
4383406,
4383434,
4383438,
4383492,
4383494,
4383816,
4383818,
4383834,
4383838,
4927272,
4927276,
4927292,
4927294,
4927604,
4927606,
4927616,
4927618,
4927672,
4927676,
4929272,
4929276,
4929292,
4929294,
4929404,
4929406,
4929434,
4929438,
4929492,
4929494,
4940404,
4940406,
4940434,
4940438,
4940492,
4940494,
4940604,
4940606,
4940616,
4940618,
4940672,
4940676,
4943404,
4943406,
4943434,
4943438,
4943492,
4943494,
4943816,
4943818,
4943834,
4943838,
4949272,
4949276,
4949292,
4949294,
4949404,
4949406,
4949434,
4949438,
4949492,
4949494,
6040404,
6040406,
6040434,
6040438,
6040492,
6040494,
6040604,
6040606,
6040616,
6040618,
6040672,
6040676,
6043404,
6043406,
6043434,
6043438,
6043492,
6043494,
6043816,
6043818,
6043834,
6043838,
6049272,
6049276,
6049292,
6049294,
6049404,
6049406,
6049434,
6049438,
6049492,
6049494,
6060404,
6060406,
6060434,
6060438,
6060492,
6060494,
6060604,
6060606,
6060616,
6060618,
6060672,
6060676,
6061604,
6061606,
6061616,
6061618,
6061672,
6061676,
6061816,
6061818,
6061834,
6061838,
6067272,
6067276,
6067292,
6067294,
6067604,
6067606,
6067616,
6067618,
6067672,
6067676,
6160404,
6160406,
6160434,
6160438,
6160492,
6160494,
6160604,
6160606,
6160616,
6160618,
6160672,
6160676,
6161604,
6161606,
6161616,
6161618,
6161672,
6161676,
6161816,
6161818,
6161834,
6161838,
6167272,
6167276,
6167292,
6167294,
6167604,
6167606,
6167616,
6167618,
6167672,
6167676,
6181604,
6181606,
6181616,
6181618,
6181672,
6181676,
6181816,
6181818,
6181834,
6181838,
6183404,
6183406,
6183434,
6183438,
6183492,
6183494,
6183816,
6183818,
6183834,
6183838,
6727272,
6727276,
6727292,
6727294,
6727604,
6727606,
6727616,
6727618,
6727672,
6727676,
6729272,
6729276,
6729292,
6729294,
6729404,
6729406,
6729434,
6729438,
6729492,
6729494,
6760404,
6760406,
6760434,
6760438,
6760492,
6760494,
6760604,
6760606,
6760616,
6760618,
6760672,
6760676,
6761604,
6761606,
6761616,
6761618,
6761672,
6761676,
6761816,
6761818,
6761834,
6761838,
6767272,
6767276,
6767292,
6767294,
6767604,
6767606,
6767616,
6767618,
6767672,
6767676,
7272727,
7272729,
7272760,
7272761,
7272767,
7272927,
7272929,
7272940,
7272943,
7272949,
7276040,
7276043,
7276049,
7276060,
7276061,
7276067,
7276160,
7276161,
7276167,
7276181,
7276183,
7276727,
7276729,
7276760,
7276761,
7276767,
7292727,
7292729,
7292760,
7292761,
7292767,
7292927,
7292929,
7292940,
7292943,
7292949,
7294040,
7294043,
7294049,
7294060,
7294061,
7294067,
7294340,
7294343,
7294349,
7294381,
7294383,
7294927,
7294929,
7294940,
7294943,
7294949,
7604040,
7604043,
7604049,
7604060,
7604061,
7604067,
7604340,
7604343,
7604349,
7604381,
7604383,
7604927,
7604929,
7604940,
7604943,
7604949,
7606040,
7606043,
7606049,
7606060,
7606061,
7606067,
7606160,
7606161,
7606167,
7606181,
7606183,
7606727,
7606729,
7606760,
7606761,
7606767,
7616040,
7616043,
7616049,
7616060,
7616061,
7616067,
7616160,
7616161,
7616167,
7616181,
7616183,
7616727,
7616729,
7616760,
7616761,
7616767,
7618160,
7618161,
7618167,
7618181,
7618183,
7618340,
7618343,
7618349,
7618381,
7618383,
7672727,
7672729,
7672760,
7672761,
7672767,
7672927,
7672929,
7672940,
7672943,
7672949,
7676040,
7676043,
7676049,
7676060,
7676061,
7676067,
7676160,
7676161,
7676167,
7676181,
7676183,
7676727,
7676729,
7676760,
7676761,
7676767,
8160404,
8160406,
8160434,
8160438,
8160492,
8160494,
8160604,
8160606,
8160616,
8160618,
8160672,
8160676,
8161604,
8161606,
8161616,
8161618,
8161672,
8161676,
8161816,
8161818,
8161834,
8161838,
8167272,
8167276,
8167292,
8167294,
8167604,
8167606,
8167616,
8167618,
8167672,
8167676,
8181604,
8181606,
8181616,
8181618,
8181672,
8181676,
8181816,
8181818,
8181834,
8181838,
8183404,
8183406,
8183434,
8183438,
8183492,
8183494,
8183816,
8183818,
8183834,
8183838,
8340404,
8340406,
8340434,
8340438,
8340492,
8340494,
8340604,
8340606,
8340616,
8340618,
8340672,
8340676,
8343404,
8343406,
8343434,
8343438,
8343492,
8343494,
8343816,
8343818,
8343834,
8343838,
8349272,
8349276,
8349292,
8349294,
8349404,
8349406,
8349434,
8349438,
8349492,
8349494,
8381604,
8381606,
8381616,
8381618,
8381672,
8381676,
8381816,
8381818,
8381834,
8381838,
8383404,
8383406,
8383434,
8383438,
8383492,
8383494,
8383816,
8383818,
8383834,
8383838,
9272727,
9272729,
9272760,
9272761,
9272767,
9272927,
9272929,
9272940,
9272943,
9272949,
9276040,
9276043,
9276049,
9276060,
9276061,
9276067,
9276160,
9276161,
9276167,
9276181,
9276183,
9276727,
9276729,
9276760,
9276761,
9276767,
9292727,
9292729,
9292760,
9292761,
9292767,
9292927,
9292929,
9292940,
9292943,
9292949,
9294040,
9294043,
9294049,
9294060,
9294061,
9294067,
9294340,
9294343,
9294349,
9294381,
9294383,
9294927,
9294929,
9294940,
9294943,
9294949,
9404040,
9404043,
9404049,
9404060,
9404061,
9404067,
9404340,
9404343,
9404349,
9404381,
9404383,
9404927,
9404929,
9404940,
9404943,
9404949,
9406040,
9406043,
9406049,
9406060,
9406061,
9406067,
9406160,
9406161,
9406167,
9406181,
9406183,
9406727,
9406729,
9406760,
9406761,
9406767,
9434040,
9434043,
9434049,
9434060,
9434061,
9434067,
9434340,
9434343,
9434349,
9434381,
9434383,
9434927,
9434929,
9434940,
9434943,
9434949,
9438160,
9438161,
9438167,
9438181,
9438183,
9438340,
9438343,
9438349,
9438381,
9438383,
9492727,
9492729,
9492760,
9492761,
9492767,
9492927,
9492929,
9492940,
9492943,
9492949,
9494040,
9494043,
9494049,
9494060,
9494061,
9494067,
9494340,
9494343,
9494349,
9494381,
9494383,
9494927,
9494929,
9494940,
9494943,
9494949,
